Counters:
  re_match_2_internal.llvm.2414870236557393218:
    Hash: 0x18bbc40491d8efee
    Counters: 925
    Block counts: [206236862, 125657925410, 4905737072, 0, 7237136311, 322692561, 5067436708, 1524423003, 1342098217, 929943018, 727537753, 20649800, 301238956, 0, 0, 319196, 137054353295, 133267198001, 129389972295, 128395979344, 126727743698, 55512, 97131669, 75065197146, 68775222932, 55352800, 26176078, 22942126387, 91373848, 19832202099, 11762929062, 11148346280, 9213118, 9103316498, 19808773, 7787084, 7975630425, 7804508164, 7056736019, 7265976504, 5878310588, 11762929062, 140465317, 4304668708, 4285460682, 0, 3691828460, 3579402041, 3576068537, 3600231019, 0, 2968660369, 3105735247, 2736057227, 2749714054, 2491099831, 2481945356, 2211031205, 2192400, 1977706821, 1868514117, 1861830310, 2100881744, 1716730327, 1751742328, 1585587797, 1493266930, 1492085643, 1307453658, 1140944, 1250343682, 1239959048, 1193558801, 1060249366, 1113771628, 1090430375, 993992951, 961393396, 0, 907291256, 0, 730800, 615085619, 585335324, 567848665, 623233692, 622051162, 89980181, 89828022, 512300170, 502837, 0, 116690571, 79378963, 69390, 307473198, 337684838, 310871898, 282, 311760878, 311256317, 307640218, 34290628, 230352222, 205293518, 243203041, 190586757, 0, 231888203, 223610922, 216304959, 0, 201689950, 184651924, 161975143, 18003418, 4959072, 0, 51363186, 99958005, 6504156, 124717262, 0, 20990247, 20990247, 90158616, 101227731, 0, 78056049, 0, 0, 0, 25098015, 92990268, 61437177, 7191, 74016, 74016, 0, 53202825, 51906395, 0, 3969108, 63917, 53133576, 55512, 0, 0, 39748826, 0, 38692342, 0, 2035440, 29502558, 37032882, 36647330, 27183390, 32201123, 239494465, 22768680, 70464891, 26480493, 0, 23726862, 20572335, 24853, 18771471, 18243795, 6617130, 481812, 19135030, 113552993, 556322, 16211595, 14339401, 16465033, 16545213, 15120833, 14706970, 14704150, 13878, 10633373, 78493209, 0, 9086886, 0, 8120331, 3864, 8717874, 8563, 7971798, 6453249, 6108052, 3124560, 5797799, 8507525, 0, 3250755, 3673438, 0, 3558420, 2690994, 0, 2379562, 208170, 2128190, 1898910, 1934208, 1934208, 0, 1228674, 1554762, 1450656, 1461600, 423, 1204046, 1168412, 1149960, 1131171, 9252, 780426, 0, 7050, 794722, 108212, 730800, 2115, 79050, 483552, 483552, 480386, 475706, 475706, 0, 402900, 398670, 0, 0, 341845, 181326, 0, 0, 187374, 0, 0, 0, 90945, 104106, 0, 0, 0, 0, 0, 0, 0, 0, 56400, 59291, 13878, 0, 0, 0, 0, 0, 0, 0, 0, 0, 41634, 32826, 34438, 16191, 0, 32382, 27756, 27756, 0, 17126, 17126, 17126, 0, 0, 107865, 111024, 0, 9252, 8563, 5640, 0, 0, 0, 0, 0, 2313, 0, 0, 0, 0, 864891364, 0, 0, 0, 0, 0, 0, 0, 29469, 0, 0, 0, 0, 0, 0, 149993646, 0, 0, 0, 0, 0, 0, 0, 0, 0, 0, 0, 141, 0, 0, 0, 0, 0, 0, 0, 0, 0, 0, 0, 0, 0, 0, 108822, 0, 0, 0, 0, 0, 0, 0, 0, 0, 0, 0, 0, 0, 0, 0, 0, 0, 0, 0, 0, 0, 0, 0, 0, 0, 0, 0, 0, 0, 0, 0, 0, 0, 0, 0, 0, 0, 0, 0, 0, 0, 0, 0, 0, 0, 0, 0, 0, 0, 0, 0, 0, 0, 0, 0, 0, 0, 0, 0, 0, 0, 0, 0, 0, 0, 0, 0, 0, 0, 0, 0, 0, 0, 0, 0, 0, 0, 0, 0, 0, 0, 0, 0, 0, 0, 0, 0, 0, 0, 0, 0, 0, 0, 0, 0, 0, 0, 0, 0, 0, 0, 0, 0, 0, 0, 0, 0, 0, 0, 0, 0, 0, 0, 0, 0, 0, 0, 0, 0, 0, 0, 0, 0, 0, 0, 0, 0, 0, 0, 0, 0, 0, 0, 0, 0, 0, 0, 0, 0, 0, 0, 0, 0, 0, 0, 0, 0, 0, 0, 0, 0, 0, 0, 0, 0, 0, 0, 0, 0, 0, 0, 0, 0, 0, 0, 0, 0, 0, 0, 0, 0, 0, 0, 0, 0, 0, 0, 0, 0, 0, 0, 0, 0, 0, 0, 0, 0, 0, 0, 0, 0, 0, 0, 0, 0, 0, 0, 0, 0, 0, 0, 0, 0, 0, 0, 0, 0, 0, 0, 0, 0, 0, 0, 0, 0, 0, 0, 0, 0, 0, 0, 0, 0, 0, 0, 0, 0, 0, 0, 0, 0, 0, 0, 0, 0, 0, 0, 0, 0, 0, 0, 0, 0, 0, 0, 0, 0, 0, 0, 0, 0, 0, 0, 0, 0, 0, 0, 0, 0, 0, 0, 0, 0, 0, 0, 0, 0, 0, 0, 0, 0, 0, 0, 0, 0, 0, 0, 0, 0, 0, 0, 0, 0, 0, 0, 0, 0, 0, 0, 0, 0, 0, 0, 0, 0, 0, 0, 0, 0, 0, 0, 0, 0, 0, 0, 0, 0, 0, 0, 0, 0, 0, 0, 0, 0, 0, 0, 0, 0, 0, 0, 0, 0, 0, 0, 0, 0, 0, 0, 0, 0, 0, 0, 0, 0, 0, 0, 0, 0, 0, 0, 0, 0, 0, 0, 0, 0, 0, 0, 0, 0, 0, 0, 0, 0, 0, 0, 0, 0, 0, 0, 0, 0, 36379843, 0, 0, 0, 0, 0, 0, 0, 0, 0, 0, 0, 0, 0, 0, 0, 0, 0, 0, 0, 0, 176242344, 176242344, 11188398666, 0, 129043931748, 0, 0, 0, 0, 0, 0, 276662109, 276662109, 300859132, 0, 19968165, 0, 575327543, 575327543, 603633426, 0, 0, 0, 2211031205, 2258740220, 0, 0, 92990268, 0, 1090430375, 1090430375, 0, 133267198001, 57688069978, 0, 161975143, 161975143, 0, 1716730327, 1721189170, 0, 6796591754, 6796591754, 0, 184651924, 184651924, 0, 4304668708, 4304668708, 5764037062, 0, 0, 0, 0, 0, 0, 0, 0, 0, 0, 0, 1965072809, 0, 341772, 341772, 341772, 0, 224019462, 3558420, 0, 0, 0, 3558420, 3558420, 3558420, 3558420, 3554190, 3554190, 0, 6382557, 52794858, 52794858, 0, 0, 0, 0, 0, 0, 0, 0, 0, 0, 0, 0, 0, 0, 0, 0, 0, 0, 0, 0, 0, 0, 0, 0, 0, 0, 0, 0, 0, 621820355, 621820355, 623793791, 624418090, 624418090, 0, 0, 1868514117, 0, 610512, 610512, 0, 0, 622051162, 1861830310, 512300170, 572202, 572202, 587658, 475706, 475706, 0, 0, 0, 0, 0, 1554762, 0, 0, 0, 0, 475706, 1450656, 0, 490748282, 490748282, 586578208, 587449636, 587449636, 17126, 0, 1239959048, 0, 877578, 877578, 0, 0, 570528094, 1193558801, 13895824, 13895824, 16126558, 16276558, 16276558, 0, 150000, 150000, 0, 0, 39748826, 0, 0, 8563, 0, 16267995, 32201123, 1364020171, 1454133056, 0, 0, 0, 0, 0, 102582503, 3124560, 1511510725, 1511510725, 0, 0, 2968660369, 727537753, 0, 1461600, 730800, 0, 0, 0, 0, 0]
Instrumentation level: IR  entry_first = 0  instrument_loop_entries = 0
Functions shown: 1
Total functions: 9488
Maximum function count: 157776601862
Maximum internal block count: 600296989155
Total number of blocks: 180037
Total count: 14545537531221
